layout_spectrum: 0.2561761
typography_spectrum: 0.9790547
color:
  saturation: 1
  lightness: 0.4484425
  brandStrength: 0.4883322
  rhythmicContrast: 0.4097744
name: Aboutgoogle
